image: /home/dyt/catkin_ws/src/thursday4/maps/map.pgm
resolution: 0.040000
origin: [-100.000000, -100.000000, 0.000000]
negate: 0
occupied_thresh: 0.65
free_thresh: 0.196

